139 768
7.69015 -38.7365
5.51783 -38.3249
-40.5776 5.90778
-40.4533 1.7889
43.4562 30.9418
39.8493 22.6733
42.9237 34.1221
49.2096 33.5308
37.1238 40.8042
41.4608 45.3879
42.9237 34.1221
41.4608 45.3879
43.1311 27.8454
43.4562 30.9418
43.4562 30.9418
49.3718 28.7456
24.3872 48.0954
26.4188 48.0593
26.2749 42.061
26.4188 48.0593
18.3181 48.076
24.3872 48.0954
-11.7946 18.0099
-5.53918 17.4977
18.3181 48.076
-13.5682 47.6777
8.29483 47.8005
10.2904 47.8659
8.29483 47.8005
-13.5682 47.6777
12.4735 41.9319
8.49189 41.8037
8.29483 47.8005
4.31685 47.6749
33.8817 41.5914
27.6852 19.2045
26.4276 13.3378
25.8798 -9.00938
26.4276 13.3378
23.8771 -8.31302
10.4108 -11.5249
13.7805 -6.17262
39.1923 -16.2494
40.8455 -18.2403
24.331 -33.5466
23.8121 -39.5241
24.331 -33.5466
18.1328 -33.1964
14.7175 -12.4162
10.3778 -33.0132
18.1328 -33.1964
19.9743 -39.2418
42.9237 34.1221
43.4562 30.9418
18.4669 -13.0528
14.143 -33.1732
8.58829 -32.8041
10.3778 -33.0132
10.3778 -33.0132
7.69015 -38.7365
8.58829 -32.8041
7.69015 -38.7365
0.475431 41.5766
2.4862 41.6224
2.4862 41.6224
0.355198 47.5753
-5.58319 41.5226
-7.51989 47.5415
-1.49647 23.9423
0.492122 12.4494
-5.53918 17.4977
-4.05318 15.4108
0.355198 47.5753
2.33404 47.6205
-28.7867 35.7027
-29.7936 41.9483
-40.7033 25.9486
-40.4292 30.297
41.4608 45.3879
49.2096 33.5308
-34.6466 27.732
-40.7033 25.9486
-40.5776 5.90778
-40.7017 17.8764
11.5834 21.3477
5.87263 7.25461
-34.6466 27.732
-40.4292 30.297
0.583196 4.42232
6.83629 4.68707
-34.5407 4.03274
-40.5776 5.90778
-34.723 19.9335
-40.7332 21.8989
-34.4888 29.4532
-40.4292 30.297
-40.5776 5.90778
-40.6458 13.8811
-34.592 7.95067
-40.5776 5.90778
1.00847 3.26
10.6601 -5.23084
-8.16436 -33.6653
-10.0768 -32.853
-7.65256 -27.3646
-8.16436 -33.6653
5.51783 -38.3249
-8.16436 -33.6653
-34.3262 0.237322
-40.3012 -0.309612
26.2749 42.061
24.3872 48.0954
-30.6444 -11.6235
-34.3262 0.237322
42.0345 16.7522
39.1923 -16.2494
-4.31865 8.32718
-34.3262 0.237322
-29.653 -13.0405
-28.5448 -14.353
-28.5448 -14.353
-34.4108 -16.6962
49.3718 28.7456
42.0345 16.7522
37.1238 40.8042
36.9672 47.1091
33.8817 41.5914
37.1238 40.8042
39.8493 22.6733
37.1331 20.7326
34.097 19.4367
38.0024 14.4778
33.8817 41.5914
34.097 19.4367
29.305 18.9546
38.0024 14.4778
38.0024 14.4778
26.4276 13.3378
19.7389 -7.18914
23.8771 -8.31302
16.4381 42.0386
12.4735 41.9319
-34.6203 11.9628
-34.6752 15.9617
22.0275 -14.0208
23.7938 -14.6351
10.4108 -11.5249
10.6601 -5.23084
23.7938 -14.6351
33.7898 -19.5166
-20.9238 -27.0587
-22.6525 -26.0538
-7.65256 -27.3646
-16.1852 -22.8738
-0.405973 30.1501
2.4862 41.6224
33.7898 -19.5166
24.331 -33.5466
18.1328 -33.1964
16.0937 -39.1847
33.5888 -31.9233
24.331 -33.5466
-40.7332 21.8989
-40.7017 17.8764
-13.5682 47.6777
-7.51989 47.5415
-40.6014 9.91276
-40.6458 13.8811
-34.1674 30.9834
-28.7867 35.7027
11.5834 21.3477
0.492122 12.4494
12.4735 41.9319
14.295 47.9872
16.4381 42.0386
14.295 47.9872
-2.7574 29.8083
-1.53976 41.5427
-11.7946 18.0099
-28.7867 35.7027
0.492122 12.4494
-4.05318 15.4108
6.84065 -32.4725
-4.09628 -28.8238
27.6852 19.2045
24.1935 13.9452
10.7566 28.5123
10.0428 22.2342
-9.64289 41.5853
-13.5682 47.6777
10.4108 -11.5249
6.84065 -32.4725
24.4759 20.2571
24.1935 13.9452
-0.405973 30.1501
-2.7574 29.8083
-40.3012 -0.309612
-40.4533 1.7889
-17.9067 -21.8724
-20.9238 -27.0587
-34.592 7.95067
-34.6203 11.9628
-34.723 19.9335
-40.7017 17.8764
23.8121 -39.5241
16.0937 -39.1847
33.8817 41.5914
37.1331 20.7326
16.0937 -39.1847
19.9743 -39.2418
-11.7946 18.0099
-34.592 7.95067
6.84065 -32.4725
5.51783 -38.3249
27.6852 19.2045
29.305 18.9546
-29.653 -13.0405
-30.6444 -11.6235
16.5292 25.2778
14.749 26.4446
-34.7284 23.8785
-40.7332 21.8989
34.6369 -30.9011
39.1831 -34.8167
16.4381 42.0386
22.3534 42.1081
-34.723 19.9335
-34.6752 15.9617
14.7175 -12.4162
10.4108 -11.5249
37.1331 20.7326
42.0345 16.7522
1.00847 3.26
6.83629 4.68707
6.83629 4.68707
10.6601 -5.23084
-34.1674 30.9834
-39.9261 32.6679
-34.7284 23.8785
-40.7033 25.9486
33.8817 41.5914
42.9237 34.1221
10.4108 -11.5249
-4.09628 -28.8238
20.2514 -13.4902
23.8771 -8.31302
34.9667 -20.509
33.7898 -19.5166
-29.7936 41.9483
-28.1179 42.9114
14.7175 -12.4162
17.6231 -6.79115
-34.4108 -16.6962
-35.7065 -14.8446
-40.6458 13.8811
-40.7017 17.8764
-2.7574 29.8083
-11.7946 18.0099
-28.1179 42.9114
-13.5682 47.6777
-34.6203 11.9628
-40.6014 9.91276
12.4735 41.9319
10.7566 28.5123
22.0275 -14.0208
25.8798 -9.00938
-19.6281 -20.8718
-22.6525 -26.0538
33.8817 41.5914
39.8493 22.6733
33.8817 41.5914
29.305 18.9546
33.7898 -19.5166
39.1923 -16.2494
-28.7867 35.7027
-21.7624 39.5959
-9.64289 41.5853
-7.51989 47.5415
20.2514 -13.4902
19.7389 -7.18914
34.9667 -20.509
35.8615 -21.5809
10.7566 28.5123
-0.405973 30.1501
23.7938 -14.6351
18.1328 -33.1964
34.6369 -30.9011
35.5175 -29.6867
-0.405973 30.1501
-1.49647 23.9423
-4.31865 8.32718
0.492122 12.4494
5.87263 7.25461
6.83629 4.68707
37.1238 40.8042
42.9237 34.1221
33.5888 -31.9233
23.8121 -39.5241
34.097 19.4367
37.1331 20.7326
-34.592 7.95067
-40.6014 9.91276
5.90119 -9.36241
-17.9067 -21.8724
-11.7946 18.0099
-34.6203 11.9628
-4.31865 8.32718
-34.5407 4.03274
-34.6203 11.9628
-40.6458 13.8811
-11.7946 18.0099
-34.5407 4.03274
6.49447 41.7389
10.7566 28.5123
0.355198 47.5753
-7.51989 47.5415
2.4862 41.6224
4.31685 47.6749
-40.4292 30.297
-39.9261 32.6679
14.143 -33.1732
16.0937 -39.1847
14.143 -33.1732
18.1328 -33.1964
-2.7574 29.8083
-1.49647 23.9423
-34.6466 27.732
-28.7867 35.7027
33.8817 41.5914
24.4759 20.2571
-2.7574 29.8083
-13.5312 41.6778
24.3165 42.0958
24.3872 48.0954
-13.5682 47.6777
4.31685 47.6749
10.0428 22.2342
-1.49647 23.9423
22.0275 -14.0208
18.1328 -33.1964
-4.31865 8.32718
-4.05318 15.4108
-4.31865 8.32718
1.00847 3.26
24.1935 13.9452
5.87263 7.25461
24.1935 13.9452
19.7389 -7.18914
-11.7946 18.0099
-4.31865 8.32718
-13.5312 41.6778
-13.5682 47.6777
-1.53976 41.5427
0.475431 41.5766
27.6852 19.2045
24.4759 20.2571
24.1935 13.9452
6.83629 4.68707
-0.13916 5.41311
5.87263 7.25461
26.4188 48.0593
36.9672 47.1091
14.7175 -12.4162
14.143 -33.1732
-11.7946 18.0099
-21.7624 39.5959
16.4381 42.0386
14.749 26.4446
-17.9067 -21.8724
-16.1852 -22.8738
33.7898 -19.5166
34.6369 -30.9011
-34.7284 23.8785
-34.6466 27.732
-13.5682 47.6777
0.355198 47.5753
-19.6281 -20.8718
-28.5448 -14.353
24.4759 20.2571
11.5834 21.3477
14.749 26.4446
11.5834 21.3477
-28.7867 35.7027
-39.9261 32.6679
33.7898 -19.5166
25.8798 -9.00938
5.90119 -9.36241
10.4108 -11.5249
-0.13916 5.41311
0.492122 12.4494
0.492122 12.4494
5.87263 7.25461
-5.89202 -28.1123
-7.65256 -27.3646
-39.9261 32.6679
-29.7936 41.9483
-2.88612 23.5189
-4.05318 15.4108
10.3778 -33.0132
11.9928 -39.1219
14.143 -33.1732
11.9928 -39.1219
-21.7624 39.5959
-28.1179 42.9114
-5.58319 41.5226
-9.64289 41.5853
-2.88612 23.5189
-5.53918 17.4977
12.2313 -33.1267
11.9928 -39.1219
17.6231 -6.79115
13.7805 -6.17262
42.9237 34.1221
39.8493 22.6733
1.00847 3.26
5.90119 -9.36241
-34.6752 15.9617
-40.7017 17.8764
14.7175 -12.4162
12.2313 -33.1267
0.475431 41.5766
0.355198 47.5753
20.2514 -13.4902
18.1328 -33.1964
10.7566 28.5123
14.749 26.4446
-34.592 7.95067
-34.5407 4.03274
34.9667 -20.509
39.1923 -16.2494
-11.7946 18.0099
-34.723 19.9335
23.7938 -14.6351
24.331 -33.5466
26.2749 42.061
33.8817 41.5914
-5.89202 -28.1123
-4.09628 -28.8238
-13.5312 41.6778
-9.64289 41.5853
19.7389 -7.18914
17.6231 -6.79115
-1.23396 6.38669
-0.13916 5.41311
-34.4888 29.4532
-28.7867 35.7027
33.7898 -19.5166
35.5175 -29.6867
-21.7624 39.5959
-13.5312 41.6778
-34.1674 30.9834
-40.4292 30.297
0.583196 4.42232
-0.13916 5.41311
-1.23396 6.38669
1.00847 3.26
11.5834 21.3477
10.0428 22.2342
35.8615 -21.5809
39.1923 -16.2494
-28.7867 35.7027
-28.1179 42.9114
33.7898 -19.5166
33.5888 -31.9233
-34.7284 23.8785
-28.7867 35.7027
-1.53976 41.5427
-3.59059 47.5237
0.355198 47.5753
-3.59059 47.5237
5.90119 -9.36241
-16.1852 -22.8738
49.2096 33.5308
49.3718 28.7456
2.33404 47.6205
4.31685 47.6749
35.5175 -29.6867
39.1831 -34.8167
23.8121 -39.5241
11.9928 -39.1219
26.4276 13.3378
19.7389 -7.18914
-11.7946 18.0099
-34.7284 23.8785
42.0345 16.7522
40.8455 -18.2403
-4.31865 8.32718
-28.5448 -14.353
12.2313 -33.1267
10.3778 -33.0132
6.49447 41.7389
-0.405973 30.1501
26.4276 13.3378
24.1935 13.9452
26.2749 42.061
24.4759 20.2571
34.097 19.4367
29.305 18.9546
1.00847 3.26
-19.6281 -20.8718
6.49447 41.7389
4.31685 47.6749
-0.405973 30.1501
-1.53976 41.5427
43.1311 27.8454
49.3718 28.7456
-4.31865 8.32718
-30.6444 -11.6235
49.3718 28.7456
40.8455 -18.2403
12.4735 41.9319
10.2904 47.8659
-34.7284 23.8785
-34.723 19.9335
-11.7946 18.0099
-4.05318 15.4108
-5.89202 -28.1123
-8.16436 -33.6653
-21.7624 39.5959
-13.5682 47.6777
-7.65256 -27.3646
-10.0768 -32.853
-1.23396 6.38669
0.492122 12.4494
1.00847 3.26
-0.13916 5.41311
-34.4888 29.4532
-34.1674 30.9834
-11.7946 18.0099
-2.88612 23.5189
-4.09628 -28.8238
5.51783 -38.3249
0.583196 4.42232
1.00847 3.26
-1.49647 23.9423
-2.88612 23.5189
-4.09628 -28.8238
-8.16436 -33.6653
1.00847 3.26
-17.9067 -21.8724
8.49189 41.8037
8.29483 47.8005
10.0428 22.2342
0.492122 12.4494
5.90119 -9.36241
-4.09628 -28.8238
43.4562 30.9418
49.2096 33.5308
49.3718 28.7456
39.1831 -34.8167
22.0275 -14.0208
20.2514 -13.4902
-1.23396 6.38669
-4.31865 8.32718
-34.4888 29.4532
-34.6466 27.732
35.8615 -21.5809
35.5175 -29.6867
0.583196 4.42232
5.87263 7.25461
22.3534 42.1081
14.749 26.4446
33.8817 41.5914
26.4188 48.0593
5.90119 -9.36241
-7.65256 -27.3646
24.3165 42.0958
16.5292 25.2778
33.8817 41.5914
36.9672 47.1091
16.4381 42.0386
18.3181 48.076
24.331 -33.5466
19.9743 -39.2418
14.7175 -12.4162
13.7805 -6.17262
-4.31865 8.32718
-19.6281 -20.8718
18.3181 48.076
14.295 47.9872
-29.653 -13.0405
-34.4108 -16.6962
24.1935 13.9452
11.5834 21.3477
-34.6752 15.9617
-40.6458 13.8811
-5.58319 41.5226
-3.59059 47.5237
23.8771 -8.31302
25.8798 -9.00938
29.305 18.9546
26.4276 13.3378
39.1831 -34.8167
37.3771 -36.5762
-10.0768 -32.853
-20.9238 -27.0587
-28.5448 -14.353
-22.6525 -26.0538
-40.6014 9.91276
-40.5776 5.90778
-17.9067 -21.8724
-19.6281 -20.8718
-19.6281 -20.8718
-20.9238 -27.0587
26.2749 42.061
16.5292 25.2778
-30.6444 -11.6235
-35.7065 -14.8446
-40.7033 25.9486
-40.7332 21.8989
-35.7065 -14.8446
-40.3012 -0.309612
-22.6525 -26.0538
-34.4108 -16.6962
-30.6444 -11.6235
-40.3012 -0.309612
8.58829 -32.8041
5.51783 -38.3249
14.295 47.9872
-13.5682 47.6777
8.49189 41.8037
10.2904 47.8659
8.58829 -32.8041
6.84065 -32.4725
-0.405973 30.1501
0.475431 41.5766
35.8615 -21.5809
40.8455 -18.2403
6.83629 4.68707
13.7805 -6.17262
-1.53976 41.5427
0.355198 47.5753
22.3534 42.1081
18.3181 48.076
-34.5407 4.03274
-40.4533 1.7889
-34.3262 0.237322
-40.4533 1.7889
16.4381 42.0386
10.7566 28.5123
23.7938 -14.6351
25.8798 -9.00938
22.3534 42.1081
24.3872 48.0954
5.90119 -9.36241
-5.89202 -28.1123
24.3165 42.0958
26.2749 42.061
-13.5682 47.6777
2.33404 47.6205
39.8493 22.6733
42.0345 16.7522
10.6601 -5.23084
13.7805 -6.17262
18.4669 -13.0528
18.1328 -33.1964
24.3165 42.0958
22.3534 42.1081
6.49447 41.7389
8.29483 47.8005
-1.49647 23.9423
-4.05318 15.4108
22.0275 -14.0208
23.8771 -8.31302
2.4862 41.6224
2.33404 47.6205
-16.1852 -22.8738
-20.9238 -27.0587
-2.7574 29.8083
-9.64289 41.5853
-16.1852 -22.8738
-10.0768 -32.853
24.1935 13.9452
17.6231 -6.79115
-2.7574 29.8083
-5.58319 41.5226
37.1331 20.7326
38.0024 14.4778
-11.7946 18.0099
-13.5312 41.6778
6.49447 41.7389
2.4862 41.6224
-2.7574 29.8083
-2.88612 23.5189
-1.53976 41.5427
-5.58319 41.5226
10.7566 28.5123
-1.49647 23.9423
-3.59059 47.5237
-7.51989 47.5415
43.1311 27.8454
39.8493 22.6733
14.295 47.9872
10.2904 47.8659
11.9928 -39.1219
16.0937 -39.1847
42.0345 16.7522
38.0024 14.4778
10.4108 -11.5249
8.58829 -32.8041
27.6852 19.2045
26.4276 13.3378
18.4669 -13.0528
19.7389 -7.18914
12.2313 -33.1267
14.143 -33.1732
14.7175 -12.4162
8.58829 -32.8041
14.749 26.4446
10.0428 22.2342
25.8798 -9.00938
39.1923 -16.2494
34.9667 -20.509
35.5175 -29.6867
11.9928 -39.1219
7.69015 -38.7365
10.2904 47.8659
-13.5682 47.6777
33.5888 -31.9233
37.3771 -36.5762
37.3771 -36.5762
23.8121 -39.5241
33.5888 -31.9233
39.1831 -34.8167
36.9672 47.1091
41.4608 45.3879
6.83629 4.68707
17.6231 -6.79115
34.6369 -30.9011
33.5888 -31.9233
23.8121 -39.5241
19.9743 -39.2418
5.90119 -9.36241
10.6601 -5.23084
38.0024 14.4778
39.1923 -16.2494
18.4669 -13.0528
20.2514 -13.4902
38.0024 14.4778
25.8798 -9.00938
18.4669 -13.0528
17.6231 -6.79115
-11.7946 18.0099
-34.6752 15.9617
18.4669 -13.0528
14.7175 -12.4162
35.5175 -29.6867
40.8455 -18.2403
16.5292 25.2778
11.5834 21.3477
40.8455 -18.2403
39.1831 -34.8167
24.4759 20.2571
16.5292 25.2778
-29.653 -13.0405
-35.7065 -14.8446
22.3534 42.1081
16.5292 25.2778
8.49189 41.8037
10.7566 28.5123
6.49447 41.7389
8.49189 41.8037
-4.31865 8.32718
-29.653 -13.0405
-34.3262 0.237322
-34.5407 4.03274
43.1311 27.8454
42.0345 16.7522
0
0
0
0
0
0
0
0
0
0
0
0
0
0
0
0
0
0
0
0
0
0
0
0
0
0
0
0
0
0
0
0
0
0
0
0
0
0
0
0
0
0
0
0
0
0
0
0
0
0
0
0
0
0
0
0
0
0
0
0
0
0
0
0
0
0
0
0
0
0
0
0
0
0
0
0
0
0
0
0
0
0
0
0
0
0
0
0
0
0
0
0
0
0
0
0
0
0
0
0
0
0
0
0
0
0
0
0
0
0
0
0
0
0
0
0
0
0
0
0
0
0
0
0
0
0
0
0
0
0
0
0
0
0
0
0
0
0
0
0
0
0
0
0
0
0
0
0
0
0
0
0
0
0
0
0
0
0
0
0
0
0
0
0
0
0
0
0
0
0
0
0
0
0
0
0
0
0
0
0
0
0
0
0
0
0
0
0
0
0
0
0
0
0
0
0
0
0
0
0
0
0
0
0
0
0
0
0
0
0
0
0
0
0
0
0
0
0
0
0
0
0
0
0
0
0
0
0
0
0
0
0
0
0
0
0
0
0
0
0
0
0
0
0
0
0
0
0
0
0
0
0
0
0
0
0
0
0
0
0
0
0
0
0
0
0
0
0
0
0
0
0
0
0
0
0
0
0
0
0
0
0
0
0
0
0
0
0
0
0
0
0
0
0
0
0
0
0
0
0
0
0
0
0
0
0
0
0
0
0
0
0
0
0
0
0
0
0
0
0
0
0
0
0
0
0
0
0
0
0
0
0
0
0
0
0
0
0
0
0
0
0
0
0
0
0
0
0
0
0
0
0
0
0
0
0
0
0
0
0
0
0
0
0
0
0
0
0
0
0
0
0
0
0
0
0
0
0
0
0
0
0
0
0
0
0
0
0
0
0
0
0
0
0
0
0
0
0
0
0
0
0
0
0
0
0
0
0
0
0
0
0
0
0
0
0
0
0
0
0
0
0
0
0
0
0
0
0
0
0
0
0
0
0
0
0
0
0
0
0
0
0
0
0
0
0
0
0
0
0
0
0
0
0
0
0
0
0
0
0
0
0
0
0
0
0
0
0
0
0
0
0
0
0
0
0
0
0
0
0
0
0
0
0
0
0
0
0
0
0
0
0
0
0
0
0
0
0
0
0
0
0
0
0
0
0
0
0
0
0
0
0
0
0
0
0
0
0
0
0
0
0
0
0
0
0
0
0
0
0
0
0
0
0
0
0
0
0
0
0
0
0
0
0
0
0
0
0
0
0
0
0
0
0
0
0
0
0
0
0
0
0
0
0
0
0
0
0
0
0
0
0
0
0
0
0
0
0
0
0
0
0
0
0
0
0
0
0
0
0
0
0
0
0
0
0
0
0
0
0
0
0
0
0
0
0
0
0
0
0
0
0
0
0
0
0
0
0
0
0
0
0
0
0
0
0
0
0
0
0
0
0
0
0
0
0
0
0
0
0
0
0
0
0
0
0
0
0
0
0
0
0
0
0
0
0
0
0
0
0
0
0
0
0
0
0
0
0
0
0
0
0
0
0
0
0
0
0
0
0
0
0
0
0
0
0
0
0
0
0
0
0
0
0
0
0
0
0
0
0
0
0
0
0
0
0
0
0
0
0
0
0
0
0
0
0
0
0
0
0
0
0
0
0
0
0
0
0
0
0
0
0
0
0
0
0
0
0
0
0
0
0
0
0
0
0
0
0
0
0
0
0
0
0
0
0
0
0
0
0
0
0
0
0
0
0
0
0
113
114
123
124
11
12
9
84
8
83
9
83
10
11
11
85
80
81
5
81
77
80
23
94
77
133
76
79
76
133
2
3
76
138
7
15
88
104
88
103
32
102
105
106
42
109
42
45
31
48
45
112
9
11
30
44
46
48
48
113
46
113
74
75
75
134
72
136
92
95
94
96
134
137
68
131
126
129
83
84
67
126
123
128
90
97
67
129
26
98
60
123
63
127
65
129
123
125
59
123
27
99
115
116
50
115
114
115
58
121
5
80
56
58
86
105
25
58
55
57
57
119
85
86
8
82
7
8
12
14
13
87
7
13
17
87
87
88
100
103
1
2
61
64
33
34
32
99
34
38
117
118
50
54
21
75
38
42
45
111
40
42
127
128
133
136
122
125
66
68
90
95
2
78
1
78
22
71
23
68
95
96
47
51
15
89
19
91
73
133
32
47
16
89
21
22
121
124
52
117
59
61
63
128
109
111
7
14
111
112
23
59
47
114
15
17
55
56
18
20
62
127
39
107
1
6
63
64
31
32
14
86
27
98
98
99
66
130
62
126
7
9
32
51
35
103
36
38
131
132
31
101
119
120
125
128
22
23
132
133
61
122
2
19
33
104
53
118
7
12
7
17
38
105
68
69
73
136
35
100
36
37
19
21
34
45
39
41
21
92
25
95
97
98
8
9
40
109
13
14
59
122
29
52
23
61
25
60
61
125
23
60
0
19
134
136
75
138
129
130
44
111
44
45
22
92
67
68
7
16
22
70
4
80
133
138
91
92
33
45
25
96
25
27
89
97
89
100
23
25
70
133
71
74
15
16
89
98
28
97
81
82
31
44
23
69
1
20
52
54
38
39
62
67
133
134
53
57
16
90
20
90
68
130
38
104
29
32
28
95
95
97
49
50
130
131
93
96
48
110
44
110
69
132
72
73
93
94
43
110
101
102
9
12
27
29
64
128
31
43
74
134
35
45
19
20
59
60
36
105
23
63
34
42
5
7
49
51
70
73
100
101
24
28
65
68
38
41
69
70
66
129
26
28
24
27
90
91
37
105
68
132
38
40
62
68
71
135
134
135
29
54
84
85
137
138
41
107
109
110
88
100
23
62
86
106
25
57
43
48
0
21
88
89
5
16
13
17
27
53
0
138
21
71
10
85
25
56
85
106
2
79
62
63
23
96
49
115
69
133
50
116
24
95
27
28
65
66
23
93
51
114
26
27
92
93
51
115
27
52
3
76
91
95
29
51
11
84
85
107
33
35
24
25
65
67
37
41
26
97
6
20
7
81
29
50
4
18
7
82
1
77
42
112
31
102
25
53
77
78
55
119
89
90
64
125
72
135
103
104
17
88
107
108
116
117
57
118
122
123
52
53
53
117
5
18
56
120
126
127
120
121
118
119
56
121
46
114
78
133
3
79
46
47
21
74
37
106
98
102
71
134
6
77
60
124
58
124
1
19
34
104
6
80
29
49
4
5
133
137
12
86
99
102
30
45
4
6
0
76
92
96
33
103
75
137
54
117
22
73
54
116
89
101
22
72
14
87
23
70
0
75
22
93
71
72
19
92
135
136
10
12
78
79
110
111
86
87
32
46
15
88
30
100
43
44
31
46
20
91
104
105
36
41
110
113
79
133
40
108
108
109
40
107
82
83
98
101
39
40
109
112
29
99
87
105
30
35
87
104
30
101
23
64
30
31
41
106
18
90
106
107
16
18
55
120
6
18
3
19
0
3
25
55
58
60
10
86
